processo0 0 8 545
processo1 1 8 748
processo2 1 33 732
processo3 2 3 804
processo4 2 24 733
processo5 4 24 700
processo6 4 48 603
processo7 5 37 1008
processo8 5 8 707
processo9 5 39 144
processo10 7 4 404
processo11 7 44 166
processo12 7 19 960
processo13 8 39 734
processo14 9 33 826
processo15 9 4 247
processo16 11 4 856
processo17 12 2 250
processo18 12 31 422
processo19 13 39 171
processo20 14 36 1028
processo21 16 17 412
processo22 16 31 256
processo23 16 32 736
processo24 17 23 538
processo25 18 37 540
processo26 18 32 192
processo27 20 19 146
processo28 22 27 726
processo29 22 10 179
processo30 23 23 590
processo31 24 5 985
processo32 25 7 708
processo33 26 27 442
processo34 26 21 106
processo35 26 16 453
processo36 27 30 940
processo37 28 18 560
processo38 28 44 337
processo39 30 38 565
processo40 31 49 894
processo41 32 16 355
processo42 32 47 501
processo43 32 3 136
processo44 33 4 957
processo45 35 17 56
processo46 35 36 231
processo47 36 6 750
processo48 36 1 775
processo49 36 21 658
processo50 39 21 78
processo51 40 16 300
processo52 41 35 983
processo53 41 33 227
processo54 42 27 379
processo55 43 23 975
processo56 43 25 1001
processo57 45 38 517
processo58 46 32 901
processo59 49 38 350
processo60 53 27 927
processo61 53 9 288
processo62 56 18 236
processo63 57 47 467
processo64 58 1 773
processo65 58 32 799
processo66 59 34 804
processo67 59 26 1009
processo68 60 35 688
processo69 62 19 788
processo70 62 28 197
processo71 64 9 122
processo72 66 7 164
processo73 67 44 628
processo74 68 27 287
processo75 69 15 865
processo76 70 40 288
processo77 71 35 353
processo78 72 31 370
processo79 73 19 128
processo80 74 9 133
processo81 75 14 406
processo82 76 3 246
processo83 76 14 438
processo84 77 7 663
processo85 77 49 959
processo86 78 14 133
processo87 79 31 213
processo88 79 38 302
processo89 83 38 579
processo90 84 45 252
processo91 85 24 175
processo92 88 33 202
processo93 92 17 120
processo94 93 23 292
processo95 96 20 671
processo96 97 35 420
processo97 98 14 995
processo98 98 42 372
processo99 99 41 537
processo100 100 48 370
processo101 101 49 568
processo102 101 35 553
processo103 104 37 597
processo104 105 2 199
processo105 106 36 144
processo106 107 30 249
processo107 110 46 671
processo108 111 39 386
processo109 112 48 1039
processo110 113 21 351
processo111 113 48 610
processo112 114 34 1014
processo113 115 23 156
processo114 116 17 659
processo115 116 22 851
processo116 119 43 836
processo117 120 38 491
processo118 121 18 494
processo119 121 41 619
processo120 122 11 736
processo121 122 48 290
processo122 125 27 794
processo123 126 9 421
processo124 126 9 144
processo125 127 29 313
processo126 128 1 195
processo127 129 42 868
processo128 130 24 340
processo129 131 41 585
processo130 131 7 615
processo131 132 4 491
processo132 133 45 287
processo133 133 34 281
processo134 134 18 886
processo135 136 16 954
processo136 138 41 703
processo137 139 33 361
processo138 139 43 926
processo139 140 31 664
processo140 140 14 873
processo141 141 31 984
processo142 142 35 271
processo143 143 19 784
processo144 147 13 598
processo145 148 1 807
processo146 150 7 171
processo147 150 20 1000
processo148 152 15 193
processo149 153 44 309
processo150 154 49 1015
processo151 155 9 521
processo152 155 21 665
processo153 156 1 174
processo154 157 45 897
processo155 157 2 319
processo156 157 25 637
processo157 157 2 678
processo158 158 17 987
processo159 159 3 797
processo160 159 25 594
processo161 162 22 784
processo162 163 16 518
processo163 164 44 443
processo164 164 1 637
processo165 166 21 416
processo166 166 19 527
processo167 167 29 671
processo168 169 31 306
processo169 172 17 636
processo170 172 14 688
processo171 172 29 207
processo172 173 4 513
processo173 173 6 872
processo174 175 1 695
processo175 175 49 254
processo176 176 45 678
processo177 177 29 519
processo178 178 14 647
processo179 181 4 490
processo180 183 13 852
processo181 183 25 420
processo182 183 21 967
processo183 184 30 296
processo184 184 28 577
processo185 184 9 391
processo186 184 31 284
processo187 187 32 507
processo188 187 44 500
processo189 189 45 258
processo190 189 6 449
processo191 189 32 474
processo192 190 5 801
processo193 191 31 808
processo194 192 24 815
processo195 192 18 1009
processo196 192 17 738
processo197 193 18 1000
processo198 197 33 324
processo199 197 48 765
processo200 199 17 485
processo201 199 29 374
processo202 199 34 413
processo203 200 33 397
processo204 200 24 250
processo205 200 12 598
processo206 200 44 553
processo207 201 13 806
processo208 202 26 817
processo209 203 14 283
processo210 206 19 324
processo211 208 32 449
processo212 208 2 879
processo213 208 29 1000
processo214 208 20 482
processo215 209 35 769
processo216 209 38 568
processo217 210 13 426
processo218 212 39 532
processo219 215 13 725
processo220 215 37 681
processo221 217 47 773
processo222 218 3 590
processo223 219 49 575
processo224 220 19 481
processo225 221 27 514
processo226 223 3 287
processo227 224 2 264
processo228 224 23 404
processo229 224 27 378
processo230 227 28 319
processo231 227 38 792
processo232 231 30 917
processo233 231 26 378
processo234 232 15 640
processo235 233 37 830
processo236 234 23 712
processo237 235 9 253
processo238 235 17 919
processo239 235 47 350
processo240 237 17 411
processo241 237 12 985
processo242 237 22 526
processo243 237 2 663
processo244 238 16 482
processo245 239 21 926
processo246 240 42 830
processo247 241 26 610
processo248 241 43 738
processo249 242 28 737
processo250 246 38 778
processo251 247 21 727
processo252 248 3 720
processo253 248 18 479
processo254 248 21 631
processo255 250 29 782
processo256 250 10 928
processo257 251 34 471
processo258 253 43 574
processo259 253 34 482
processo260 253 41 875
processo261 257 14 997
processo262 258 4 506
processo263 258 32 947
processo264 260 45 1005
processo265 262 41 499
processo266 263 2 675
processo267 264 47 626
processo268 264 37 769
processo269 264 47 338
processo270 267 25 951
processo271 269 22 905
processo272 269 24 872
processo273 270 45 1018
processo274 271 46 626
processo275 272 40 692
processo276 272 30 384
processo277 273 14 709
processo278 273 13 759
processo279 274 20 1005
processo280 274 35 359
processo281 275 44 380
processo282 275 43 686
processo283 275 28 888
processo284 276 28 950
processo285 277 10 353
processo286 277 37 648
processo287 280 11 331
processo288 281 47 729
processo289 281 21 410
processo290 284 26 820
processo291 284 11 736
processo292 285 12 679
processo293 285 42 789
processo294 289 45 566
processo295 290 24 779
processo296 290 5 803
processo297 293 19 472
processo298 293 9 753
processo299 293 44 533
processo300 294 45 797
processo301 295 46 535
processo302 297 8 534
processo303 297 8 780
processo304 298 45 923
processo305 299 17 765
processo306 299 38 550
processo307 299 26 725
processo308 299 24 348
processo309 299 35 610
processo310 302 19 659
processo311 302 38 826
processo312 305 22 678
processo313 306 22 892
processo314 306 5 847
processo315 306 30 641
processo316 306 3 340
processo317 310 48 864
processo318 312 33 726
processo319 315 21 533
processo320 317 23 588
processo321 317 28 855
processo322 319 41 568
processo323 321 6 402
processo324 325 46 838
processo325 326 29 987
processo326 327 34 807
processo327 327 24 977
processo328 329 9 376
processo329 331 43 448
processo330 333 39 865
processo331 334 31 387
processo332 334 20 481
processo333 334 35 531
processo334 335 22 516
processo335 336 31 699
processo336 336 36 515
processo337 341 24 851
processo338 342 22 372
processo339 344 39 893
processo340 344 25 811
processo341 345 45 612
processo342 346 48 726
processo343 346 9 821
processo344 348 20 609
processo345 348 32 816
processo346 348 29 701
processo347 349 28 924
processo348 349 16 389
processo349 349 21 1010
processo350 350 21 1006
processo351 353 45 704
processo352 354 41 830
processo353 354 43 590
processo354 357 48 881
processo355 358 7 853
processo356 358 12 873
processo357 358 6 887
processo358 359 26 626
processo359 360 1 669
processo360 360 29 602
processo361 362 22 915
processo362 364 3 594
processo363 365 41 442
processo364 367 31 551
processo365 368 34 655
processo366 369 4 605
processo367 370 3 506
processo368 370 21 779
processo369 371 7 515
processo370 373 11 871
processo371 373 18 782
processo372 373 48 449
processo373 373 49 695
processo374 375 11 816
processo375 375 12 700
processo376 377 18 816
processo377 377 38 617
processo378 378 45 853
processo379 378 14 872
processo380 378 25 938
processo381 380 14 902
processo382 381 49 724
processo383 381 27 870
processo384 381 14 827
processo385 382 19 774
processo386 382 22 849
processo387 383 31 598
processo388 385 9 571
processo389 385 49 787
processo390 385 11 980
processo391 387 17 689
processo392 388 26 480
processo393 388 25 798
processo394 389 26 555
processo395 391 34 533
processo396 392 23 773
processo397 392 28 989
processo398 393 27 622
processo399 393 17 649
processo400 396 30 848
processo401 396 23 569
processo402 396 25 488
processo403 397 30 930
processo404 397 32 821
processo405 401 18 730
processo406 401 33 841
processo407 403 2 845
processo408 404 39 1008
processo409 405 16 635
processo410 407 43 808
processo411 407 37 639
processo412 410 22 983
processo413 412 42 895
processo414 412 24 501
processo415 412 29 1002
processo416 412 12 490
processo417 413 41 690
processo418 413 14 554
processo419 414 44 771
processo420 415 30 854
processo421 416 31 626
processo422 416 3 896
processo423 419 23 922
processo424 420 44 801
processo425 420 26 476
processo426 420 39 492
processo427 423 41 826
processo428 424 48 517
processo429 426 48 504
processo430 427 31 890
processo431 427 30 902
processo432 427 22 785
processo433 428 18 618
processo434 431 16 747
processo435 431 27 485
processo436 431 41 521
processo437 432 47 1004
processo438 433 40 1024
processo439 435 17 671
processo440 436 48 837
processo441 438 19 462
processo442 441 23 581
processo443 443 18 465
processo444 444 19 773
processo445 444 25 880
processo446 444 34 592
processo447 446 42 792
processo448 447 32 950
processo449 449 20 760
processo450 450 38 689
processo451 451 21 998
processo452 453 8 502
processo453 454 46 797
processo454 455 1 882
processo455 455 24 854
processo456 455 12 851
processo457 455 35 635
processo458 455 29 984
processo459 457 19 912
processo460 460 4 863
processo461 460 41 565
processo462 461 4 757
processo463 462 12 621
processo464 462 39 958
processo465 462 7 575
processo466 462 23 786
processo467 463 42 653
processo468 464 18 852
processo469 464 34 925
processo470 467 9 535
processo471 467 49 694
processo472 469 36 556
processo473 470 12 921
processo474 472 38 991
processo475 474 39 606
processo476 474 24 774
processo477 474 39 513
processo478 474 39 602
processo479 476 32 561
processo480 477 25 509
processo481 477 27 691
processo482 478 47 811
processo483 478 41 789
processo484 479 45 901
processo485 479 41 699
processo486 482 47 719
processo487 483 19 522
processo488 483 39 730
processo489 483 46 915
processo490 485 16 793
processo491 486 47 673
processo492 487 37 718
processo493 488 24 522
processo494 488 39 837
processo495 489 40 592
processo496 490 48 606
processo497 491 45 941
processo498 494 6 951
processo499 494 39 811
processo500 496 16 830
processo501 497 48 648
processo502 497 34 786
processo503 497 35 850
processo504 498 33 596
processo505 499 14 965
processo506 500 40 991
processo507 500 45 628
processo508 502 41 876
processo509 502 3 825
processo510 502 32 758
processo511 504 27 577
processo512 504 10 538
processo513 506 25 561
processo514 506 19 962
processo515 506 41 769
processo516 507 22 902
processo517 507 18 622
processo518 508 12 641
processo519 508 2 848
processo520 509 37 582
processo521 509 19 717
processo522 509 49 773
processo523 511 8 534
processo524 512 40 907
processo525 514 39 622
processo526 515 8 864
processo527 515 15 780
processo528 516 42 908
processo529 517 27 623
processo530 518 42 868
processo531 518 35 623
processo532 519 13 718
processo533 519 25 709
processo534 519 26 571
processo535 520 33 722
processo536 522 36 766
processo537 523 35 821
processo538 523 42 852
processo539 523 9 992
processo540 524 1 594
processo541 525 24 772
processo542 525 11 743
processo543 526 15 979
processo544 526 19 634
processo545 528 16 649
processo546 529 16 969
processo547 531 28 902
processo548 532 17 924
processo549 534 28 612
processo550 536 42 620
processo551 536 1 873
processo552 536 40 652
processo553 536 2 760
processo554 536 16 938
processo555 537 35 644
processo556 537 18 824
processo557 538 4 716
processo558 540 24 628
processo559 540 29 896
processo560 545 7 868
processo561 545 22 899
processo562 545 38 751
processo563 546 30 938
processo564 547 35 751
processo565 549 48 919
processo566 552 38 989
processo567 554 35 732
processo568 557 47 919
processo569 557 26 861
processo570 557 30 853
processo571 559 7 706
processo572 560 8 760
processo573 561 42 929
processo574 561 11 694
processo575 561 16 707
processo576 562 2 797
processo577 562 29 967
processo578 562 38 990
processo579 563 26 912
processo580 563 1 635
processo581 564 10 869
processo582 565 45 835
processo583 566 41 880
processo584 567 18 972
processo585 568 44 852
processo586 568 47 707
processo587 571 3 909
processo588 571 34 831
processo589 571 1 936
processo590 571 43 936
processo591 571 3 680
processo592 574 43 945
processo593 574 39 858
processo594 574 22 682
processo595 575 47 766
processo596 576 46 632
processo597 576 32 739
processo598 578 13 680
processo599 578 29 749
processo600 578 46 990
processo601 580 29 925
processo602 582 40 819
processo603 582 38 817
processo604 583 12 762
processo605 583 41 649
processo606 584 41 729
processo607 585 42 985
processo608 587 9 601
processo609 589 37 764
processo610 590 21 697
processo611 591 9 748
processo612 593 3 909
processo613 594 13 630
processo614 594 37 896
processo615 594 20 921
processo616 594 46 687
processo617 595 40 991
processo618 595 47 902
processo619 596 8 773
processo620 597 25 684
processo621 597 39 706
processo622 598 23 704
processo623 598 21 681
processo624 598 27 782
processo625 598 34 762
processo626 599 20 721
processo627 599 16 951
processo628 599 37 885
processo629 601 35 802
processo630 601 20 841
processo631 601 38 939
processo632 602 29 985
processo633 602 45 1006
processo634 603 31 727
processo635 603 19 821
processo636 604 27 709
processo637 606 44 961
processo638 606 23 819
processo639 607 26 889
processo640 607 13 740
processo641 608 22 968
processo642 609 12 952
processo643 610 42 705
processo644 612 42 718
processo645 614 13 766
processo646 614 17 943
processo647 616 16 736
processo648 617 42 950
processo649 618 26 644
processo650 619 37 667
processo651 623 34 712
processo652 624 30 782
processo653 624 23 885
processo654 626 21 888
processo655 628 34 895
processo656 630 29 950
processo657 630 15 747
processo658 632 36 970
processo659 634 35 950
processo660 635 5 902
processo661 635 13 826
processo662 636 20 978
processo663 637 7 723
processo664 637 27 733
processo665 638 7 840
processo666 638 16 753
processo667 639 5 962
processo668 641 33 963
processo669 642 44 931
processo670 642 11 909
processo671 642 22 845
processo672 645 19 922
processo673 646 42 775
processo674 647 7 738
processo675 647 35 824
processo676 648 13 970
processo677 650 12 852
processo678 653 17 773
processo679 653 27 708
processo680 653 41 955
processo681 654 31 937
processo682 655 8 868
processo683 656 17 737
processo684 656 39 823
processo685 658 17 778
processo686 659 16 712
processo687 660 4 738
processo688 660 47 799
processo689 661 2 917
processo690 661 31 733
processo691 661 21 974
processo692 662 41 743
processo693 662 7 810
processo694 662 39 814
processo695 663 13 699
processo696 663 23 988
processo697 664 46 1004
processo698 664 1 712
processo699 665 43 726
processo700 666 30 776
processo701 667 37 869
processo702 669 26 987
processo703 670 10 954
processo704 671 4 842
processo705 671 31 759
processo706 672 7 726
processo707 672 10 926
processo708 673 27 775
processo709 673 9 839
processo710 673 14 839
processo711 673 18 959
processo712 674 32 737
processo713 675 8 827
processo714 677 12 821
processo715 679 8 715
processo716 679 19 920
processo717 679 5 826
processo718 680 3 775
processo719 682 18 927
processo720 683 23 793
processo721 684 29 945
processo722 684 27 727
processo723 686 42 855
processo724 688 12 709
processo725 688 27 959
processo726 691 16 751
processo727 692 37 921
processo728 692 28 770
processo729 692 4 940
processo730 692 6 801
processo731 693 40 881
processo732 695 19 791
processo733 695 28 985
processo734 695 42 923
processo735 696 33 901
processo736 696 2 905
processo737 696 31 925
processo738 697 44 840
processo739 698 25 832
processo740 699 10 913
processo741 700 27 809
processo742 701 12 901
processo743 701 5 857
processo744 702 5 779
processo745 702 26 868
processo746 702 35 973
processo747 705 2 765
processo748 705 9 806
processo749 706 19 821
processo750 706 13 804
processo751 708 32 783
processo752 711 18 974
processo753 711 44 927
processo754 711 14 854
processo755 711 39 836
processo756 714 47 907
processo757 715 10 906
processo758 715 30 806
processo759 716 32 809
processo760 716 9 955
processo761 717 39 865
processo762 719 47 952
processo763 719 16 757
processo764 720 9 762
processo765 722 28 777
processo766 723 45 908
processo767 724 23 912
processo768 726 43 954
processo769 727 29 868
processo770 727 11 967
processo771 728 17 945
processo772 728 29 883
processo773 729 5 776
processo774 729 7 881
processo775 729 26 882
processo776 730 44 982
processo777 731 45 921
processo778 733 35 818
processo779 733 28 964
processo780 734 40 924
processo781 740 11 939
processo782 740 25 907
processo783 741 38 810
processo784 741 1 834
processo785 744 26 891
processo786 744 4 800
processo787 746 8 864
processo788 747 47 950
processo789 747 27 872
processo790 747 35 991
processo791 748 45 800
processo792 748 5 769
processo793 751 40 912
processo794 756 21 849
processo795 756 9 841
processo796 757 43 951
processo797 757 29 883
processo798 757 41 904
processo799 757 22 862
processo800 759 21 947
processo801 759 10 776
processo802 760 25 900
processo803 760 6 779
processo804 761 22 795
processo805 761 18 882
processo806 762 35 954
processo807 764 43 881
processo808 764 3 955
processo809 765 7 830
processo810 767 48 838
processo811 767 42 922
processo812 770 48 852
processo813 770 25 902
processo814 770 22 935
processo815 770 27 864
processo816 771 14 827
processo817 771 32 836
processo818 773 39 908
processo819 774 39 983
processo820 775 48 906
processo821 776 18 804
processo822 778 10 900
processo823 779 41 908
processo824 779 36 966
processo825 780 46 845
processo826 780 19 821
processo827 781 29 906
processo828 783 13 875
processo829 785 40 898
processo830 786 21 837
processo831 787 47 854
processo832 787 34 843
processo833 788 19 936
processo834 788 46 977
processo835 788 13 951
processo836 789 27 968
processo837 789 33 911
processo838 789 1 837
processo839 791 13 934
processo840 793 10 874
processo841 795 2 857
processo842 795 10 842
processo843 798 3 844
processo844 801 46 932
processo845 802 31 898
processo846 802 41 961
processo847 804 14 966
processo848 804 19 960
processo849 804 21 885
processo850 805 48 952
processo851 805 14 824
processo852 806 27 929
processo853 806 36 920
processo854 809 2 813
processo855 810 44 930
processo856 812 29 891
processo857 812 33 917
processo858 812 35 879
processo859 816 8 933
processo860 817 8 945
processo861 819 31 889
processo862 819 5 933
processo863 820 24 892
processo864 820 19 840
processo865 821 27 869
processo866 822 43 893
processo867 822 7 887
processo868 822 45 960
processo869 822 14 935
processo870 823 1 885
processo871 824 42 881
processo872 826 19 856
processo873 827 43 873
processo874 827 45 978
processo875 827 33 889
processo876 827 14 925
processo877 828 43 942
processo878 828 14 943
processo879 829 16 855
processo880 830 12 934
processo881 831 45 951
processo882 831 32 926
processo883 832 22 938
processo884 833 3 879
processo885 833 3 916
processo886 833 49 901
processo887 833 4 923
processo888 835 48 984
processo889 835 37 971
processo890 838 14 899
processo891 839 27 894
processo892 841 7 949
processo893 841 2 936
processo894 842 14 908
processo895 843 45 953
processo896 845 13 898
processo897 846 26 919
processo898 846 45 961
processo899 847 7 895
processo900 847 32 905
processo901 849 10 859
processo902 849 34 919
processo903 850 45 909
processo904 851 6 929
processo905 851 49 945
processo906 854 42 910
processo907 854 20 909
processo908 855 43 907
processo909 855 45 949
processo910 857 25 944
processo911 860 34 953
processo912 861 24 940
processo913 861 37 951
processo914 862 45 914
processo915 862 16 927
processo916 862 9 880
processo917 863 27 945
processo918 863 12 933
processo919 866 17 900
processo920 867 20 944
processo921 868 12 922
processo922 869 13 947
processo923 870 35 952
processo924 870 5 927
processo925 870 8 938
processo926 872 22 947
processo927 873 3 933
processo928 875 7 892
processo929 879 10 926
processo930 880 36 917
processo931 880 44 929
processo932 881 10 928
processo933 883 26 931
processo934 884 4 919
processo935 884 9 940
processo936 886 34 957
processo937 887 1 921
processo938 888 15 949
processo939 888 11 943
processo940 889 43 983
processo941 889 8 950
processo942 890 17 957
processo943 892 44 945
processo944 892 32 933
processo945 892 39 982
processo946 892 48 946
processo947 893 16 923
processo948 894 4 922
processo949 895 28 948
processo950 895 40 979
processo951 896 4 926
processo952 896 15 950
processo953 899 3 936
processo954 899 44 975
processo955 900 33 943
processo956 900 28 965
processo957 902 1 937
processo958 902 31 966
processo959 906 3 946
processo960 906 44 970
processo961 906 49 960
processo962 908 10 953
processo963 908 18 944
processo964 908 41 969
processo965 910 18 961
processo966 910 39 965
processo967 910 25 957
processo968 912 37 979
processo969 912 47 987
processo970 913 32 945
processo971 913 44 982
processo972 916 22 943
processo973 917 29 961
processo974 919 14 944
processo975 919 44 976
processo976 919 18 938
processo977 919 1 931
processo978 920 3 939
processo979 921 29 960
processo980 921 18 958
processo981 922 14 951
processo982 923 23 960
processo983 923 2 928
processo984 924 27 960
processo985 924 39 966
processo986 926 5 939
processo987 927 12 949
processo988 928 35 973
processo989 929 5 941
processo990 931 33 965
processo991 933 28 969
processo992 933 48 986
processo993 934 4 940
processo994 937 1 942
processo995 941 37 978
processo996 942 3 948
processo997 943 19 963
processo998 948 43 992
processo999 949 4 953
